[gd_scene load_steps=17 format=3 uid="uid://bhv7habpmqjpy"]

[ext_resource type="Script" path="res://Labs/11/Paddle.gd" id="1_gixap"]

[sub_resource type="BoxMesh" id="BoxMesh_i814i"]

[sub_resource type="BoxShape3D" id="BoxShape3D_n7jb8"]
size = Vector3(8.47324, 0.695923, 0.978027)

[sub_resource type="BoxShape3D" id="BoxShape3D_n6ykx"]
size = Vector3(1, 1, 1.0907)

[sub_resource type="BoxMesh" id="BoxMesh_4t8ih"]

[sub_resource type="StandardMaterial3D" id="StandardMaterial3D_paack"]
albedo_color = Color(0.758679, 0.648072, 0.866062, 1)

[sub_resource type="SphereShape3D" id="SphereShape3D_35r6h"]
radius = 0.369027

[sub_resource type="SphereMesh" id="SphereMesh_qi32b"]

[sub_resource type="StandardMaterial3D" id="StandardMaterial3D_4dxf1"]
albedo_color = Color(1, 0.588235, 0.286275, 1)

[sub_resource type="BoxShape3D" id="BoxShape3D_10mly"]
size = Vector3(30.054, 1.78674, 8.60803)

[sub_resource type="BoxShape3D" id="BoxShape3D_1tj40"]

[sub_resource type="BoxMesh" id="BoxMesh_r1tqm"]

[sub_resource type="StandardMaterial3D" id="StandardMaterial3D_6372n"]
albedo_color = Color(0.823529, 0.901961, 1, 1)

[sub_resource type="BoxShape3D" id="BoxShape3D_wotga"]

[sub_resource type="BoxMesh" id="BoxMesh_1ykaa"]

[sub_resource type="StandardMaterial3D" id="StandardMaterial3D_i837j"]
albedo_color = Color(1, 0.72549, 1, 1)

[node name="pinballStarter" type="Node3D"]

[node name="PinPaddle2" type="RigidBody3D" parent="." node_paths=PackedStringArray("hJoint")]
transform = Transform3D(0.664407, 0, 0, 0, 0.526196, 0.394915, 0, -0.315271, 0.659124, 10.4911, -5.7251, -13.2181)
rotation_order = 3
disable_mode = 2
axis_lock_linear_x = true
axis_lock_linear_y = true
axis_lock_linear_z = true
axis_lock_angular_x = true
axis_lock_angular_z = true
mass = 10.0
gravity_scale = 5.0
angular_damp = 2.0
script = ExtResource("1_gixap")
rotatePower = 30.0
hJoint = NodePath("HingeJoint3D")

[node name="MeshInstance3D" type="MeshInstance3D" parent="PinPaddle2"]
transform = Transform3D(16.2724, 0, 0, 0, 3.14731, 4.76837e-07, 0, -8.34465e-07, 2.15545, 0, 0, 0)
mesh = SubResource("BoxMesh_i814i")
skeleton = NodePath("../CollisionShape3D")

[node name="CollisionShape3D" type="CollisionShape3D" parent="PinPaddle2"]
transform = Transform3D(1.92461, 0, 0, 0, 5.28652, 4.76837e-07, 0, -7.86781e-06, 2.40061, -0.0206738, -0.253864, -0.117115)
shape = SubResource("BoxShape3D_n7jb8")

[node name="HingeJoint3D" type="HingeJoint3D" parent="PinPaddle2"]
transform = Transform3D(1, 0, 0, 0, -4.37114e-08, 1, 0, -1, -4.37114e-08, -1.79281, 0, 0)
node_a = NodePath("..")
angular_limit/enable = true
angular_limit/upper = 0.303687
angular_limit/lower = -0.284489
motor/enable = true

[node name="PinPaddle" type="RigidBody3D" parent="." node_paths=PackedStringArray("hJoint")]
transform = Transform3D(0.584718, 0, 0, 0, 0.528, 0.39627, 0, -0.316352, 0.661385, -12.7591, -6.00424, -13.5548)
rotation_order = 3
disable_mode = 2
axis_lock_linear_x = true
axis_lock_linear_y = true
axis_lock_linear_z = true
axis_lock_angular_x = true
axis_lock_angular_z = true
mass = 10.0
gravity_scale = 2.0
angular_damp = 2.0
script = ExtResource("1_gixap")
rotatePower = 30.0
hJoint = NodePath("HingeJoint3D")

[node name="MeshInstance3D" type="MeshInstance3D" parent="PinPaddle"]
transform = Transform3D(16.2724, 0, 0, 0, 3.14731, 4.76837e-07, 0, -8.34465e-07, 2.15545, 0, 0, 0)
mesh = SubResource("BoxMesh_i814i")
skeleton = NodePath("../CollisionShape3D")

[node name="CollisionShape3D" type="CollisionShape3D" parent="PinPaddle"]
transform = Transform3D(1.92461, 0, 0, 0, 5.28652, 4.76837e-07, 0, -7.86781e-06, 2.40061, -0.0206738, -0.253864, -0.117115)
shape = SubResource("BoxShape3D_n7jb8")

[node name="HingeJoint3D" type="HingeJoint3D" parent="PinPaddle"]
transform = Transform3D(1, 0, 0, 0, -4.37114e-08, 1, 0, -1, -4.37114e-08, -1.79281, 0, 0)
node_a = NodePath("..")
angular_limit/enable = true
angular_limit/upper = 0.303687
angular_limit/lower = -0.284489
motor/enable = true

[node name="Camera3D" type="Camera3D" parent="."]
transform = Transform3D(-0.99989, -0.0103724, -0.0105863, -0.0109561, 0.998334, 0.0566574, 0.00998099, 0.0567672, -0.998338, -0.0725161, 9.05195, -43.7036)
fov = 77.4423

[node name="DirectionalLight3D" type="DirectionalLight3D" parent="."]
transform = Transform3D(1, 0, 0, 0, -0.858674, 0.512523, 0, -0.512523, -0.858674, 6.76335, 23.0923, -48.6961)

[node name="Table" type="StaticBody3D" parent="."]
transform = Transform3D(41.5132, 0, 0, 0, 1.11346, 36.9703, 0, -0.734776, 56.0237, -0.211114, 10.9525, 13.3951)

[node name="CollisionShape3D" type="CollisionShape3D" parent="Table"]
transform = Transform3D(1.02697, 0, 0, 0, 0.857158, -7.62939e-06, 0, -4.65661e-09, 0.910686, 0, -0.782738, -0.0168672)
shape = SubResource("BoxShape3D_n6ykx")

[node name="MeshInstance3D" type="MeshInstance3D" parent="Table"]
transform = Transform3D(1, 0, 0, 0, 1, 0, 0, 9.31323e-10, 1, 0, -0.851783, -0.0134556)
mesh = SubResource("BoxMesh_4t8ih")
surface_material_override/0 = SubResource("StandardMaterial3D_paack")

[node name="Ball" type="RigidBody3D" parent="."]
transform = Transform3D(1.75, 0, 0, 0, 1.75, 0, 0, 0, 1.75, 6.43108, 16.6922, 19.2999)
disable_mode = 2
gravity_scale = 4.0

[node name="CollisionShape3D" type="CollisionShape3D" parent="Ball"]
transform = Transform3D(1.75, 0, 0, 0, 1.75, 0, 0, 0, 1.75, -0.204882, 8.40317, 0.146711)
shape = SubResource("SphereShape3D_35r6h")

[node name="MeshInstance3D" type="MeshInstance3D" parent="Ball"]
transform = Transform3D(1.75, 0, 0, 0, 1.75, 0, 0, 0, 1.75, -0.202606, 8.39091, 0.163449)
mesh = SubResource("SphereMesh_qi32b")
surface_material_override/0 = SubResource("StandardMaterial3D_4dxf1")

[node name="Bucket" type="Area3D" parent="."]
transform = Transform3D(1, 0, 0, 0, 1, 0, 0, 0, 1, 0, -10.1254, -21.0244)

[node name="CollisionShape3D" type="CollisionShape3D" parent="Bucket"]
transform = Transform3D(3.29116, 0, 0, 0, 12.9616, 0, 0, 0, 3.94282, 1.83434, 1.3391, -9.40646)
shape = SubResource("BoxShape3D_10mly")

[node name="Walls" type="Node3D" parent="."]

[node name="Wall" type="StaticBody3D" parent="Walls"]
transform = Transform3D(-41.2683, -1.76138, -9.66189e-05, -0.775733, 68.1436, -0.00947728, 0.590094, -33.5998, -0.0192158, -1.77932, 55.9085, 25.5546)

[node name="CollisionShape3D" type="CollisionShape3D" parent="Walls/Wall"]
shape = SubResource("BoxShape3D_1tj40")

[node name="MeshInstance3D" type="MeshInstance3D" parent="Walls/Wall"]
transform = Transform3D(0.999903, -0.0139564, -0.000407969, 0.0139565, 0.998195, 0.0584113, -0.000407934, -0.0584113, 0.998292, -0.016964, -0.10095, -0.0709991)
mesh = SubResource("BoxMesh_r1tqm")
surface_material_override/0 = SubResource("StandardMaterial3D_6372n")

[node name="Wall2" type="StaticBody3D" parent="Walls"]
transform = Transform3D(-0.371466, 0.243811, -1.499, 35.9628, 2.54224, 0.0953216, 54.3655, -1.68003, -0.0732977, 19.9505, 11.8264, 11.6431)

[node name="CollisionShape3D" type="CollisionShape3D" parent="Walls/Wall2"]
shape = SubResource("BoxShape3D_1tj40")

[node name="MeshInstance3D" type="MeshInstance3D" parent="Walls/Wall2"]
transform = Transform3D(0.999903, -0.0139564, -0.000407969, 0.0139565, 0.998195, 0.0584113, -0.000407934, -0.0584113, 0.998292, -0.016964, -0.10095, -0.0709991)
mesh = SubResource("BoxMesh_r1tqm")
surface_material_override/0 = SubResource("StandardMaterial3D_6372n")

[node name="Wall3" type="StaticBody3D" parent="Walls"]
transform = Transform3D(0.142768, 0.313602, -1.49587, 35.9856, 2.53508, 0.130441, 54.3515, -1.67927, -0.0824347, -21.5048, 11.8264, 11.6431)

[node name="CollisionShape3D" type="CollisionShape3D" parent="Walls/Wall3"]
shape = SubResource("BoxShape3D_1tj40")

[node name="MeshInstance3D" type="MeshInstance3D" parent="Walls/Wall3"]
transform = Transform3D(0.999903, -0.0139564, -0.000407969, 0.0139565, 0.998195, 0.0584113, -0.000407934, -0.0584113, 0.998292, -0.016964, -0.10095, -0.0709991)
mesh = SubResource("BoxMesh_r1tqm")
surface_material_override/0 = SubResource("StandardMaterial3D_6372n")

[node name="Wall5" type="StaticBody3D" parent="Walls"]
transform = Transform3D(-1.42014, 0.30789, 0.0217771, -0.409128, 105.875, -6.51047e-05, -84.7878, -0.516052, -0.000364438, -22.6636, 40.3133, 25.5546)

[node name="CollisionShape3D" type="CollisionShape3D" parent="Walls/Wall5"]
shape = SubResource("BoxShape3D_1tj40")

[node name="MeshInstance3D" type="MeshInstance3D" parent="Walls/Wall5"]
transform = Transform3D(0.999903, -0.0139564, -0.000407969, 0.0139565, 0.998195, 0.0584113, -0.000407934, -0.0584113, 0.998292, -0.016964, -0.10095, -0.0709991)
mesh = SubResource("BoxMesh_r1tqm")
surface_material_override/0 = SubResource("StandardMaterial3D_6372n")

[node name="Wall6" type="StaticBody3D" parent="Walls"]
transform = Transform3D(-1.39858, -4.83859, 0.0217545, -0.477671, 105.765, 0.000993464, -84.7878, -0.516052, -0.000364438, 20.0436, 40.3133, 25.5546)

[node name="CollisionShape3D" type="CollisionShape3D" parent="Walls/Wall6"]
shape = SubResource("BoxShape3D_1tj40")

[node name="MeshInstance3D" type="MeshInstance3D" parent="Walls/Wall6"]
transform = Transform3D(0.999903, -0.0139564, -0.000407969, 0.0139565, 0.998195, 0.0584113, -0.000407934, -0.0584113, 0.998292, -0.016964, -0.10095, -0.0709991)
mesh = SubResource("BoxMesh_r1tqm")
surface_material_override/0 = SubResource("StandardMaterial3D_6372n")

[node name="Wall7" type="StaticBody3D" parent="Walls"]
transform = Transform3D(6.57743, 1.05687e-08, 0.589752, -3.57463, 2.17773, 0.46064, -4.16221, -1.87031, 0.536357, -17.8791, 14.3459, 16.4599)

[node name="CollisionPolygon3D" type="CollisionShape3D" parent="Walls/Wall7"]
shape = SubResource("BoxShape3D_wotga")

[node name="MeshInstance3D" type="MeshInstance3D" parent="Walls/Wall7"]
mesh = SubResource("BoxMesh_1ykaa")
surface_material_override/0 = SubResource("StandardMaterial3D_i837j")

[node name="Wall8" type="StaticBody3D" parent="Walls"]
transform = Transform3D(4.59916, 0.405402, -0.765748, 3.986, 2.21823, 0.397416, 6.02696, -1.77642, 0.321505, 16.8266, 9.98852, 10.9831)

[node name="CollisionPolygon3D" type="CollisionShape3D" parent="Walls/Wall8"]
shape = SubResource("BoxShape3D_wotga")

[node name="MeshInstance3D" type="MeshInstance3D" parent="Walls/Wall8"]
mesh = SubResource("BoxMesh_1ykaa")
surface_material_override/0 = SubResource("StandardMaterial3D_i837j")
